Row,Col,Lum,RawDataPath,Creation Date,File Name[1],File Name[2],Plate Barcode,CMPD1,CMPD2,Conc2,Func,TimePoint,CellLine,MetaPath,IBT Barcode,CELL LINE,RUN,SET,notes,Ignore,Conc1,Lum_FA,Lum_RZ,Lum_Unit
A,1,0.109,\\HRT-CTCRFile2\Stor3$\MDA_KatelynFosterHandley_AnilSood\MTT_Validation\Rawdata\Run1\MTT09132019SelOlaP3.xlsx,Wed Mar  3 12:14:14 2021,MTT09132019SelOlaP3.xlsx,Layout-2_map.xlsx,MTT09132019SelOlaP3,0,0,0,0,0,0,\\HRT-CTCRFile2\Stor3$\MDA_KatelynFosterHandley_AnilSood\MTT_Validation\PlateMaps\Layout-2_map.xlsx,Layout-2,9132019,1,3,,,,0.917735849056604,-Inf,0.998357963875205
A,2,1.323,\\HRT-CTCRFile2\Stor3$\MDA_KatelynFosterHandley_AnilSood\MTT_Validation\Rawdata\Run1\MTT09132019SelOlaP3.xlsx,Wed Mar  3 12:14:14 2021,MTT09132019SelOlaP3.xlsx,Layout-2_map.xlsx,MTT09132019SelOlaP3,0,0,0,0,0,0,\\HRT-CTCRFile2\Stor3$\MDA_KatelynFosterHandley_AnilSood\MTT_Validation\PlateMaps\Layout-2_map.xlsx,Layout-2,9132019,1,3,,,,1.50943396226411e-003,-Inf,1.64203612479475e-003
A,3,1.3,\\HRT-CTCRFile2\Stor3$\MDA_KatelynFosterHandley_AnilSood\MTT_Validation\Rawdata\Run1\MTT09132019SelOlaP3.xlsx,Wed Mar  3 12:14:14 2021,MTT09132019SelOlaP3.xlsx,Layout-2_map.xlsx,MTT09132019SelOlaP3,0,0,0,0,0,0,\\HRT-CTCRFile2\Stor3$\MDA_KatelynFosterHandley_AnilSood\MTT_Validation\PlateMaps\Layout-2_map.xlsx,Layout-2,9132019,1,3,,,,1.88679245283018e-002,-Inf,2.05254515599342e-002
A,4,1.32,\\HRT-CTCRFile2\Stor3$\MDA_KatelynFosterHandley_AnilSood\MTT_Validation\Rawdata\Run1\MTT09132019SelOlaP3.xlsx,Wed Mar  3 12:14:14 2021,MTT09132019SelOlaP3.xlsx,Layout-2_map.xlsx,MTT09132019SelOlaP3,0,0,0,0,0,0,\\HRT-CTCRFile2\Stor3$\MDA_KatelynFosterHandley_AnilSood\MTT_Validation\PlateMaps\Layout-2_map.xlsx,Layout-2,9132019,1,3,,,,3.77358490566027e-003,-Inf,4.10509031198678e-003
A,5,1.351,\\HRT-CTCRFile2\Stor3$\MDA_KatelynFosterHandley_AnilSood\MTT_Validation\Rawdata\Run1\MTT09132019SelOlaP3.xlsx,Wed Mar  3 12:14:14 2021,MTT09132019SelOlaP3.xlsx,Layout-2_map.xlsx,MTT09132019SelOlaP3,0,0,0,0,0,0,\\HRT-CTCRFile2\Stor3$\MDA_KatelynFosterHandley_AnilSood\MTT_Validation\PlateMaps\Layout-2_map.xlsx,Layout-2,9132019,1,3,,,,-1.9622641509434e-002,Inf,-2.13464696223317e-002
A,6,1.266,\\HRT-CTCRFile2\Stor3$\MDA_KatelynFosterHandley_AnilSood\MTT_Validation\Rawdata\Run1\MTT09132019SelOlaP3.xlsx,Wed Mar  3 12:14:14 2021,MTT09132019SelOlaP3.xlsx,Layout-2_map.xlsx,MTT09132019SelOlaP3,0,0,0,0,0,0,\\HRT-CTCRFile2\Stor3$\MDA_KatelynFosterHandley_AnilSood\MTT_Validation\PlateMaps\Layout-2_map.xlsx,Layout-2,9132019,1,3,,,,4.45283018867925e-002,-Inf,4.84400656814449e-002
A,7,1.567,\\HRT-CTCRFile2\Stor3$\MDA_KatelynFosterHandley_AnilSood\MTT_Validation\Rawdata\Run1\MTT09132019SelOlaP3.xlsx,Wed Mar  3 12:14:14 2021,MTT09132019SelOlaP3.xlsx,Layout-2_map.xlsx,MTT09132019SelOlaP3,0,0,0,0,0,0,\\HRT-CTCRFile2\Stor3$\MDA_KatelynFosterHandley_AnilSood\MTT_Validation\PlateMaps\Layout-2_map.xlsx,Layout-2,9132019,1,3,,,,-0.182641509433962,Inf,-0.198686371100164
A,8,1.177,\\HRT-CTCRFile2\Stor3$\MDA_KatelynFosterHandley_AnilSood\MTT_Validation\Rawdata\Run1\MTT09132019SelOlaP3.xlsx,Wed Mar  3 12:14:14 2021,MTT09132019SelOlaP3.xlsx,Layout-2_map.xlsx,MTT09132019SelOlaP3,0,0,0,0,0,0,\\HRT-CTCRFile2\Stor3$\MDA_KatelynFosterHandley_AnilSood\MTT_Validation\PlateMaps\Layout-2_map.xlsx,Layout-2,9132019,1,3,,,,0.111698113207547,-Inf,0.121510673234811
A,9,0.126,\\HRT-CTCRFile2\Stor3$\MDA_KatelynFosterHandley_AnilSood\MTT_Validation\Rawdata\Run1\MTT09132019SelOlaP3.xlsx,Wed Mar  3 12:14:14 2021,MTT09132019SelOlaP3.xlsx,Layout-2_map.xlsx,MTT09132019SelOlaP3,0,0,0,0,0,0,\\HRT-CTCRFile2\Stor3$\MDA_KatelynFosterHandley_AnilSood\MTT_Validation\PlateMaps\Layout-2_map.xlsx,Layout-2,9132019,1,3,,,,0.904905660377359,-Inf,0.98440065681445
A,10,0.128,\\HRT-CTCRFile2\Stor3$\MDA_KatelynFosterHandley_AnilSood\MTT_Validation\Rawdata\Run1\MTT09132019SelOlaP3.xlsx,Wed Mar  3 12:14:14 2021,MTT09132019SelOlaP3.xlsx,Layout-2_map.xlsx,MTT09132019SelOlaP3,0,0,0,0,0,0,\\HRT-CTCRFile2\Stor3$\MDA_KatelynFosterHandley_AnilSood\MTT_Validation\PlateMaps\Layout-2_map.xlsx,Layout-2,9132019,1,3,,,,0.903396226415094,-Inf,0.982758620689655
A,11,0.126,\\HRT-CTCRFile2\Stor3$\MDA_KatelynFosterHandley_AnilSood\MTT_Validation\Rawdata\Run1\MTT09132019SelOlaP3.xlsx,Wed Mar  3 12:14:14 2021,MTT09132019SelOlaP3.xlsx,Layout-2_map.xlsx,MTT09132019SelOlaP3,0,0,0,0,0,0,\\HRT-CTCRFile2\Stor3$\MDA_KatelynFosterHandley_AnilSood\MTT_Validation\PlateMaps\Layout-2_map.xlsx,Layout-2,9132019,1,3,,,,0.904905660377359,-Inf,0.98440065681445
A,12,0.115,\\HRT-CTCRFile2\Stor3$\MDA_KatelynFosterHandley_AnilSood\MTT_Validation\Rawdata\Run1\MTT09132019SelOlaP3.xlsx,Wed Mar  3 12:14:14 2021,MTT09132019SelOlaP3.xlsx,Layout-2_map.xlsx,MTT09132019SelOlaP3,0,0,0,0,0,0,\\HRT-CTCRFile2\Stor3$\MDA_KatelynFosterHandley_AnilSood\MTT_Validation\PlateMaps\Layout-2_map.xlsx,Layout-2,9132019,1,3,,,,0.913207547169811,-Inf,0.993431855500821
B,1,0.109,\\HRT-CTCRFile2\Stor3$\MDA_KatelynFosterHandley_AnilSood\MTT_Validation\Rawdata\Run1\MTT09132019SelOlaP3.xlsx,Wed Mar  3 12:14:14 2021,MTT09132019SelOlaP3.xlsx,Layout-2_map.xlsx,MTT09132019SelOlaP3,Blank,Blank,0,POS,0,0,\\HRT-CTCRFile2\Stor3$\MDA_KatelynFosterHandley_AnilSood\MTT_Validation\PlateMaps\Layout-2_map.xlsx,Layout-2,9132019,1,3,,,,0.917735849056604,-Inf,0.998357963875205
B,2,1.325,\\HRT-CTCRFile2\Stor3$\MDA_KatelynFosterHandley_AnilSood\MTT_Validation\Rawdata\Run1\MTT09132019SelOlaP3.xlsx,Wed Mar  3 12:14:14 2021,MTT09132019SelOlaP3.xlsx,Layout-2_map.xlsx,MTT09132019SelOlaP3,DMSO,DMSO,0,NEG,0,0,\\HRT-CTCRFile2\Stor3$\MDA_KatelynFosterHandley_AnilSood\MTT_Validation\PlateMaps\Layout-2_map.xlsx,Layout-2,9132019,1,3,,,,0,NaN,0
B,3,1.199,\\HRT-CTCRFile2\Stor3$\MDA_KatelynFosterHandley_AnilSood\MTT_Validation\Rawdata\Run1\MTT09132019SelOlaP3.xlsx,Wed Mar  3 12:14:14 2021,MTT09132019SelOlaP3.xlsx,Layout-2_map.xlsx,MTT09132019SelOlaP3,Olaparib,DMSO,0,SING,0,0,\\HRT-CTCRFile2\Stor3$\MDA_KatelynFosterHandley_AnilSood\MTT_Validation\PlateMaps\Layout-2_map.xlsx,Layout-2,9132019,1,3,,,0.39,9.50943396226415e-002,-Inf,0.103448275862069
B,4,1.204,\\HRT-CTCRFile2\Stor3$\MDA_KatelynFosterHandley_AnilSood\MTT_Validation\Rawdata\Run1\MTT09132019SelOlaP3.xlsx,Wed Mar  3 12:14:14 2021,MTT09132019SelOlaP3.xlsx,Layout-2_map.xlsx,MTT09132019SelOlaP3,Olaparib,DMSO,0,SING,0,0,\\HRT-CTCRFile2\Stor3$\MDA_KatelynFosterHandley_AnilSood\MTT_Validation\PlateMaps\Layout-2_map.xlsx,Layout-2,9132019,1,3,,,0.78,9.13207547169811e-002,-Inf,9.93431855500821e-002
B,5,1.193,\\HRT-CTCRFile2\Stor3$\MDA_KatelynFosterHandley_AnilSood\MTT_Validation\Rawdata\Run1\MTT09132019SelOlaP3.xlsx,Wed Mar  3 12:14:14 2021,MTT09132019SelOlaP3.xlsx,Layout-2_map.xlsx,MTT09132019SelOlaP3,Olaparib,DMSO,0,SING,0,0,\\HRT-CTCRFile2\Stor3$\MDA_KatelynFosterHandley_AnilSood\MTT_Validation\PlateMaps\Layout-2_map.xlsx,Layout-2,9132019,1,3,,,1.56,9.96226415094339e-002,-Inf,0.108374384236453
B,6,0.881,\\HRT-CTCRFile2\Stor3$\MDA_KatelynFosterHandley_AnilSood\MTT_Validation\Rawdata\Run1\MTT09132019SelOlaP3.xlsx,Wed Mar  3 12:14:14 2021,MTT09132019SelOlaP3.xlsx,Layout-2_map.xlsx,MTT09132019SelOlaP3,Olaparib,DMSO,0,SING,0,0,\\HRT-CTCRFile2\Stor3$\MDA_KatelynFosterHandley_AnilSood\MTT_Validation\PlateMaps\Layout-2_map.xlsx,Layout-2,9132019,1,3,,,3.13,0.335094339622641,-Inf,0.364532019704433
B,7,0.779,\\HRT-CTCRFile2\Stor3$\MDA_KatelynFosterHandley_AnilSood\MTT_Validation\Rawdata\Run1\MTT09132019SelOlaP3.xlsx,Wed Mar  3 12:14:14 2021,MTT09132019SelOlaP3.xlsx,Layout-2_map.xlsx,MTT09132019SelOlaP3,Olaparib,DMSO,0,SING,0,0,\\HRT-CTCRFile2\Stor3$\MDA_KatelynFosterHandley_AnilSood\MTT_Validation\PlateMaps\Layout-2_map.xlsx,Layout-2,9132019,1,3,,,6.25,0.412075471698113,-Inf,0.448275862068965
B,8,0.636,\\HRT-CTCRFile2\Stor3$\MDA_KatelynFosterHandley_AnilSood\MTT_Validation\Rawdata\Run1\MTT09132019SelOlaP3.xlsx,Wed Mar  3 12:14:14 2021,MTT09132019SelOlaP3.xlsx,Layout-2_map.xlsx,MTT09132019SelOlaP3,Olaparib,DMSO,0,SING,0,0,\\HRT-CTCRFile2\Stor3$\MDA_KatelynFosterHandley_AnilSood\MTT_Validation\PlateMaps\Layout-2_map.xlsx,Layout-2,9132019,1,3,,,12.5,0.52,-Inf,0.56568144499179
B,9,0.131,\\HRT-CTCRFile2\Stor3$\MDA_KatelynFosterHandley_AnilSood\MTT_Validation\Rawdata\Run1\MTT09132019SelOlaP3.xlsx,Wed Mar  3 12:14:14 2021,MTT09132019SelOlaP3.xlsx,Layout-2_map.xlsx,MTT09132019SelOlaP3,0,0,0,0,0,0,\\HRT-CTCRFile2\Stor3$\MDA_KatelynFosterHandley_AnilSood\MTT_Validation\PlateMaps\Layout-2_map.xlsx,Layout-2,9132019,1,3,,,,0.901132075471698,-Inf,0.980295566502463
B,10,0.136,\\HRT-CTCRFile2\Stor3$\MDA_KatelynFosterHandley_AnilSood\MTT_Validation\Rawdata\Run1\MTT09132019SelOlaP3.xlsx,Wed Mar  3 12:14:14 2021,MTT09132019SelOlaP3.xlsx,Layout-2_map.xlsx,MTT09132019SelOlaP3,0,0,0,0,0,0,\\HRT-CTCRFile2\Stor3$\MDA_KatelynFosterHandley_AnilSood\MTT_Validation\PlateMaps\Layout-2_map.xlsx,Layout-2,9132019,1,3,,,,0.897358490566038,-Inf,0.976190476190476
B,11,0.124,\\HRT-CTCRFile2\Stor3$\MDA_KatelynFosterHandley_AnilSood\MTT_Validation\Rawdata\Run1\MTT09132019SelOlaP3.xlsx,Wed Mar  3 12:14:14 2021,MTT09132019SelOlaP3.xlsx,Layout-2_map.xlsx,MTT09132019SelOlaP3,0,0,0,0,0,0,\\HRT-CTCRFile2\Stor3$\MDA_KatelynFosterHandley_AnilSood\MTT_Validation\PlateMaps\Layout-2_map.xlsx,Layout-2,9132019,1,3,,,,0.906415094339623,-Inf,0.986042692939245
B,12,0.123,\\HRT-CTCRFile2\Stor3$\MDA_KatelynFosterHandley_AnilSood\MTT_Validation\Rawdata\Run1\MTT09132019SelOlaP3.xlsx,Wed Mar  3 12:14:14 2021,MTT09132019SelOlaP3.xlsx,Layout-2_map.xlsx,MTT09132019SelOlaP3,0,0,0,0,0,0,\\HRT-CTCRFile2\Stor3$\MDA_KatelynFosterHandley_AnilSood\MTT_Validation\PlateMaps\Layout-2_map.xlsx,Layout-2,9132019,1,3,,,,0.907169811320755,-Inf,0.986863711001642
C,1,0.108,\\HRT-CTCRFile2\Stor3$\MDA_KatelynFosterHandley_AnilSood\MTT_Validation\Rawdata\Run1\MTT09132019SelOlaP3.xlsx,Wed Mar  3 12:14:14 2021,MTT09132019SelOlaP3.xlsx,Layout-2_map.xlsx,MTT09132019SelOlaP3,Blank,Blank,0,POS,0,0,\\HRT-CTCRFile2\Stor3$\MDA_KatelynFosterHandley_AnilSood\MTT_Validation\PlateMaps\Layout-2_map.xlsx,Layout-2,9132019,1,3,,,,0.918490566037736,-Inf,0.999178981937603
C,2,1.132,\\HRT-CTCRFile2\Stor3$\MDA_KatelynFosterHandley_AnilSood\MTT_Validation\Rawdata\Run1\MTT09132019SelOlaP3.xlsx,Wed Mar  3 12:14:14 2021,MTT09132019SelOlaP3.xlsx,Layout-2_map.xlsx,MTT09132019SelOlaP3,DMSO,Selinexor,6.e-002,SING,0,0,\\HRT-CTCRFile2\Stor3$\MDA_KatelynFosterHandley_AnilSood\MTT_Validation\PlateMaps\Layout-2_map.xlsx,Layout-2,9132019,1,3,,,,0.145660377358491,-Inf,0.158456486042693
C,3,0.95,\\HRT-CTCRFile2\Stor3$\MDA_KatelynFosterHandley_AnilSood\MTT_Validation\Rawdata\Run1\MTT09132019SelOlaP3.xlsx,Wed Mar  3 12:14:14 2021,MTT09132019SelOlaP3.xlsx,Layout-2_map.xlsx,MTT09132019SelOlaP3,Olaparib,Selinexor,6.e-002,COMBI,0,0,\\HRT-CTCRFile2\Stor3$\MDA_KatelynFosterHandley_AnilSood\MTT_Validation\PlateMaps\Layout-2_map.xlsx,Layout-2,9132019,1,3,,,0.39,0.283018867924528,-Inf,0.307881773399015
C,4,0.755,\\HRT-CTCRFile2\Stor3$\MDA_KatelynFosterHandley_AnilSood\MTT_Validation\Rawdata\Run1\MTT09132019SelOlaP3.xlsx,Wed Mar  3 12:14:14 2021,MTT09132019SelOlaP3.xlsx,Layout-2_map.xlsx,MTT09132019SelOlaP3,Olaparib,Selinexor,6.e-002,COMBI,0,0,\\HRT-CTCRFile2\Stor3$\MDA_KatelynFosterHandley_AnilSood\MTT_Validation\PlateMaps\Layout-2_map.xlsx,Layout-2,9132019,1,3,,,0.78,0.430188679245283,-Inf,0.467980295566502
C,5,0.734,\\HRT-CTCRFile2\Stor3$\MDA_KatelynFosterHandley_AnilSood\MTT_Validation\Rawdata\Run1\MTT09132019SelOlaP3.xlsx,Wed Mar  3 12:14:14 2021,MTT09132019SelOlaP3.xlsx,Layout-2_map.xlsx,MTT09132019SelOlaP3,Olaparib,Selinexor,6.e-002,COMBI,0,0,\\HRT-CTCRFile2\Stor3$\MDA_KatelynFosterHandley_AnilSood\MTT_Validation\PlateMaps\Layout-2_map.xlsx,Layout-2,9132019,1,3,,,1.56,0.446037735849057,-Inf,0.485221674876847
C,6,0.625,\\HRT-CTCRFile2\Stor3$\MDA_KatelynFosterHandley_AnilSood\MTT_Validation\Rawdata\Run1\MTT09132019SelOlaP3.xlsx,Wed Mar  3 12:14:14 2021,MTT09132019SelOlaP3.xlsx,Layout-2_map.xlsx,MTT09132019SelOlaP3,Olaparib,Selinexor,6.e-002,COMBI,0,0,\\HRT-CTCRFile2\Stor3$\MDA_KatelynFosterHandley_AnilSood\MTT_Validation\PlateMaps\Layout-2_map.xlsx,Layout-2,9132019,1,3,,,3.13,0.528301886792453,-Inf,0.574712643678161
C,7,0.621,\\HRT-CTCRFile2\Stor3$\MDA_KatelynFosterHandley_AnilSood\MTT_Validation\Rawdata\Run1\MTT09132019SelOlaP3.xlsx,Wed Mar  3 12:14:14 2021,MTT09132019SelOlaP3.xlsx,Layout-2_map.xlsx,MTT09132019SelOlaP3,Olaparib,Selinexor,6.e-002,COMBI,0,0,\\HRT-CTCRFile2\Stor3$\MDA_KatelynFosterHandley_AnilSood\MTT_Validation\PlateMaps\Layout-2_map.xlsx,Layout-2,9132019,1,3,,,6.25,0.531320754716981,-Inf,0.57799671592775
C,8,0.576,\\HRT-CTCRFile2\Stor3$\MDA_KatelynFosterHandley_AnilSood\MTT_Validation\Rawdata\Run1\MTT09132019SelOlaP3.xlsx,Wed Mar  3 12:14:14 2021,MTT09132019SelOlaP3.xlsx,Layout-2_map.xlsx,MTT09132019SelOlaP3,Olaparib,Selinexor,6.e-002,COMBI,0,0,\\HRT-CTCRFile2\Stor3$\MDA_KatelynFosterHandley_AnilSood\MTT_Validation\PlateMaps\Layout-2_map.xlsx,Layout-2,9132019,1,3,,,12.5,0.565283018867925,-Inf,0.614942528735632
C,9,0.136,\\HRT-CTCRFile2\Stor3$\MDA_KatelynFosterHandley_AnilSood\MTT_Validation\Rawdata\Run1\MTT09132019SelOlaP3.xlsx,Wed Mar  3 12:14:14 2021,MTT09132019SelOlaP3.xlsx,Layout-2_map.xlsx,MTT09132019SelOlaP3,0,0,0,0,0,0,\\HRT-CTCRFile2\Stor3$\MDA_KatelynFosterHandley_AnilSood\MTT_Validation\PlateMaps\Layout-2_map.xlsx,Layout-2,9132019,1,3,,,,0.897358490566038,-Inf,0.976190476190476
C,10,0.141,\\HRT-CTCRFile2\Stor3$\MDA_KatelynFosterHandley_AnilSood\MTT_Validation\Rawdata\Run1\MTT09132019SelOlaP3.xlsx,Wed Mar  3 12:14:14 2021,MTT09132019SelOlaP3.xlsx,Layout-2_map.xlsx,MTT09132019SelOlaP3,0,0,0,0,0,0,\\HRT-CTCRFile2\Stor3$\MDA_KatelynFosterHandley_AnilSood\MTT_Validation\PlateMaps\Layout-2_map.xlsx,Layout-2,9132019,1,3,,,,0.893584905660377,-Inf,0.972085385878489
C,11,0.137,\\HRT-CTCRFile2\Stor3$\MDA_KatelynFosterHandley_AnilSood\MTT_Validation\Rawdata\Run1\MTT09132019SelOlaP3.xlsx,Wed Mar  3 12:14:14 2021,MTT09132019SelOlaP3.xlsx,Layout-2_map.xlsx,MTT09132019SelOlaP3,0,0,0,0,0,0,\\HRT-CTCRFile2\Stor3$\MDA_KatelynFosterHandley_AnilSood\MTT_Validation\PlateMaps\Layout-2_map.xlsx,Layout-2,9132019,1,3,,,,0.896603773584906,-Inf,0.975369458128079
C,12,0.117,\\HRT-CTCRFile2\Stor3$\MDA_KatelynFosterHandley_AnilSood\MTT_Validation\Rawdata\Run1\MTT09132019SelOlaP3.xlsx,Wed Mar  3 12:14:14 2021,MTT09132019SelOlaP3.xlsx,Layout-2_map.xlsx,MTT09132019SelOlaP3,0,0,0,0,0,0,\\HRT-CTCRFile2\Stor3$\MDA_KatelynFosterHandley_AnilSood\MTT_Validation\PlateMaps\Layout-2_map.xlsx,Layout-2,9132019,1,3,,,,0.911698113207547,-Inf,0.991789819376026
D,1,0.106,\\HRT-CTCRFile2\Stor3$\MDA_KatelynFosterHandley_AnilSood\MTT_Validation\Rawdata\Run1\MTT09132019SelOlaP3.xlsx,Wed Mar  3 12:14:14 2021,MTT09132019SelOlaP3.xlsx,Layout-2_map.xlsx,MTT09132019SelOlaP3,Blank,Blank,0,POS,0,0,\\HRT-CTCRFile2\Stor3$\MDA_KatelynFosterHandley_AnilSood\MTT_Validation\PlateMaps\Layout-2_map.xlsx,Layout-2,9132019,1,3,,,,0.92,-Inf,1.0008210180624
D,2,0.822,\\HRT-CTCRFile2\Stor3$\MDA_KatelynFosterHandley_AnilSood\MTT_Validation\Rawdata\Run1\MTT09132019SelOlaP3.xlsx,Wed Mar  3 12:14:14 2021,MTT09132019SelOlaP3.xlsx,Layout-2_map.xlsx,MTT09132019SelOlaP3,DMSO,Selinexor,0.13,SING,0,0,\\HRT-CTCRFile2\Stor3$\MDA_KatelynFosterHandley_AnilSood\MTT_Validation\PlateMaps\Layout-2_map.xlsx,Layout-2,9132019,1,3,,,,0.379622641509434,-Inf,0.412972085385878
D,3,0.673,\\HRT-CTCRFile2\Stor3$\MDA_KatelynFosterHandley_AnilSood\MTT_Validation\Rawdata\Run1\MTT09132019SelOlaP3.xlsx,Wed Mar  3 12:14:14 2021,MTT09132019SelOlaP3.xlsx,Layout-2_map.xlsx,MTT09132019SelOlaP3,Olaparib,Selinexor,0.13,COMBI,0,0,\\HRT-CTCRFile2\Stor3$\MDA_KatelynFosterHandley_AnilSood\MTT_Validation\PlateMaps\Layout-2_map.xlsx,Layout-2,9132019,1,3,,,0.39,0.492075471698113,-Inf,0.535303776683087
D,4,0.649,\\HRT-CTCRFile2\Stor3$\MDA_KatelynFosterHandley_AnilSood\MTT_Validation\Rawdata\Run1\MTT09132019SelOlaP3.xlsx,Wed Mar  3 12:14:14 2021,MTT09132019SelOlaP3.xlsx,Layout-2_map.xlsx,MTT09132019SelOlaP3,Olaparib,Selinexor,0.13,COMBI,0,0,\\HRT-CTCRFile2\Stor3$\MDA_KatelynFosterHandley_AnilSood\MTT_Validation\PlateMaps\Layout-2_map.xlsx,Layout-2,9132019,1,3,,,0.78,0.510188679245283,-Inf,0.555008210180624
D,5,0.626,\\HRT-CTCRFile2\Stor3$\MDA_KatelynFosterHandley_AnilSood\MTT_Validation\Rawdata\Run1\MTT09132019SelOlaP3.xlsx,Wed Mar  3 12:14:14 2021,MTT09132019SelOlaP3.xlsx,Layout-2_map.xlsx,MTT09132019SelOlaP3,Olaparib,Selinexor,0.13,COMBI,0,0,\\HRT-CTCRFile2\Stor3$\MDA_KatelynFosterHandley_AnilSood\MTT_Validation\PlateMaps\Layout-2_map.xlsx,Layout-2,9132019,1,3,,,1.56,0.527547169811321,-Inf,0.573891625615764
D,6,0.553,\\HRT-CTCRFile2\Stor3$\MDA_KatelynFosterHandley_AnilSood\MTT_Validation\Rawdata\Run1\MTT09132019SelOlaP3.xlsx,Wed Mar  3 12:14:14 2021,MTT09132019SelOlaP3.xlsx,Layout-2_map.xlsx,MTT09132019SelOlaP3,Olaparib,Selinexor,0.13,COMBI,0,0,\\HRT-CTCRFile2\Stor3$\MDA_KatelynFosterHandley_AnilSood\MTT_Validation\PlateMaps\Layout-2_map.xlsx,Layout-2,9132019,1,3,,,3.13,0.582641509433962,-Inf,0.633825944170772
D,7,0.58,\\HRT-CTCRFile2\Stor3$\MDA_KatelynFosterHandley_AnilSood\MTT_Validation\Rawdata\Run1\MTT09132019SelOlaP3.xlsx,Wed Mar  3 12:14:14 2021,MTT09132019SelOlaP3.xlsx,Layout-2_map.xlsx,MTT09132019SelOlaP3,Olaparib,Selinexor,0.13,COMBI,0,0,\\HRT-CTCRFile2\Stor3$\MDA_KatelynFosterHandley_AnilSood\MTT_Validation\PlateMaps\Layout-2_map.xlsx,Layout-2,9132019,1,3,,,6.25,0.562264150943396,-Inf,0.611658456486043
D,8,0.53,\\HRT-CTCRFile2\Stor3$\MDA_KatelynFosterHandley_AnilSood\MTT_Validation\Rawdata\Run1\MTT09132019SelOlaP3.xlsx,Wed Mar  3 12:14:14 2021,MTT09132019SelOlaP3.xlsx,Layout-2_map.xlsx,MTT09132019SelOlaP3,Olaparib,Selinexor,0.13,COMBI,0,0,\\HRT-CTCRFile2\Stor3$\MDA_KatelynFosterHandley_AnilSood\MTT_Validation\PlateMaps\Layout-2_map.xlsx,Layout-2,9132019,1,3,,,12.5,0.6,-Inf,0.652709359605911
D,9,0.136,\\HRT-CTCRFile2\Stor3$\MDA_KatelynFosterHandley_AnilSood\MTT_Validation\Rawdata\Run1\MTT09132019SelOlaP3.xlsx,Wed Mar  3 12:14:14 2021,MTT09132019SelOlaP3.xlsx,Layout-2_map.xlsx,MTT09132019SelOlaP3,0,0,0,0,0,0,\\HRT-CTCRFile2\Stor3$\MDA_KatelynFosterHandley_AnilSood\MTT_Validation\PlateMaps\Layout-2_map.xlsx,Layout-2,9132019,1,3,,,,0.897358490566038,-Inf,0.976190476190476
D,10,0.13,\\HRT-CTCRFile2\Stor3$\MDA_KatelynFosterHandley_AnilSood\MTT_Validation\Rawdata\Run1\MTT09132019SelOlaP3.xlsx,Wed Mar  3 12:14:14 2021,MTT09132019SelOlaP3.xlsx,Layout-2_map.xlsx,MTT09132019SelOlaP3,0,0,0,0,0,0,\\HRT-CTCRFile2\Stor3$\MDA_KatelynFosterHandley_AnilSood\MTT_Validation\PlateMaps\Layout-2_map.xlsx,Layout-2,9132019,1,3,,,,0.90188679245283,-Inf,0.98111658456486
D,11,0.126,\\HRT-CTCRFile2\Stor3$\MDA_KatelynFosterHandley_AnilSood\MTT_Validation\Rawdata\Run1\MTT09132019SelOlaP3.xlsx,Wed Mar  3 12:14:14 2021,MTT09132019SelOlaP3.xlsx,Layout-2_map.xlsx,MTT09132019SelOlaP3,0,0,0,0,0,0,\\HRT-CTCRFile2\Stor3$\MDA_KatelynFosterHandley_AnilSood\MTT_Validation\PlateMaps\Layout-2_map.xlsx,Layout-2,9132019,1,3,,,,0.904905660377359,-Inf,0.98440065681445
D,12,0.125,\\HRT-CTCRFile2\Stor3$\MDA_KatelynFosterHandley_AnilSood\MTT_Validation\Rawdata\Run1\MTT09132019SelOlaP3.xlsx,Wed Mar  3 12:14:14 2021,MTT09132019SelOlaP3.xlsx,Layout-2_map.xlsx,MTT09132019SelOlaP3,0,0,0,0,0,0,\\HRT-CTCRFile2\Stor3$\MDA_KatelynFosterHandley_AnilSood\MTT_Validation\PlateMaps\Layout-2_map.xlsx,Layout-2,9132019,1,3,,,,0.905660377358491,-Inf,0.985221674876847
E,1,0.101,\\HRT-CTCRFile2\Stor3$\MDA_KatelynFosterHandley_AnilSood\MTT_Validation\Rawdata\Run1\MTT09132019SelOlaP3.xlsx,Wed Mar  3 12:14:14 2021,MTT09132019SelOlaP3.xlsx,Layout-2_map.xlsx,MTT09132019SelOlaP3,Blank,Blank,0,POS,0,0,\\HRT-CTCRFile2\Stor3$\MDA_KatelynFosterHandley_AnilSood\MTT_Validation\PlateMaps\Layout-2_map.xlsx,Layout-2,9132019,1,3,,,,0.92377358490566,-Inf,1.00492610837438
E,2,0.605,\\HRT-CTCRFile2\Stor3$\MDA_KatelynFosterHandley_AnilSood\MTT_Validation\Rawdata\Run1\MTT09132019SelOlaP3.xlsx,Wed Mar  3 12:14:14 2021,MTT09132019SelOlaP3.xlsx,Layout-2_map.xlsx,MTT09132019SelOlaP3,DMSO,Selinexor,0.25,SING,0,0,\\HRT-CTCRFile2\Stor3$\MDA_KatelynFosterHandley_AnilSood\MTT_Validation\PlateMaps\Layout-2_map.xlsx,Layout-2,9132019,1,3,,,,0.543396226415094,-Inf,0.591133004926108
E,3,0.505,\\HRT-CTCRFile2\Stor3$\MDA_KatelynFosterHandley_AnilSood\MTT_Validation\Rawdata\Run1\MTT09132019SelOlaP3.xlsx,Wed Mar  3 12:14:14 2021,MTT09132019SelOlaP3.xlsx,Layout-2_map.xlsx,MTT09132019SelOlaP3,Olaparib,Selinexor,0.25,COMBI,0,0,\\HRT-CTCRFile2\Stor3$\MDA_KatelynFosterHandley_AnilSood\MTT_Validation\PlateMaps\Layout-2_map.xlsx,Layout-2,9132019,1,3,,,0.39,0.618867924528302,-Inf,0.673234811165846
E,4,0.556,\\HRT-CTCRFile2\Stor3$\MDA_KatelynFosterHandley_AnilSood\MTT_Validation\Rawdata\Run1\MTT09132019SelOlaP3.xlsx,Wed Mar  3 12:14:14 2021,MTT09132019SelOlaP3.xlsx,Layout-2_map.xlsx,MTT09132019SelOlaP3,Olaparib,Selinexor,0.25,COMBI,0,0,\\HRT-CTCRFile2\Stor3$\MDA_KatelynFosterHandley_AnilSood\MTT_Validation\PlateMaps\Layout-2_map.xlsx,Layout-2,9132019,1,3,,,0.78,0.580377358490566,-Inf,0.63136288998358
E,5,0.595,\\HRT-CTCRFile2\Stor3$\MDA_KatelynFosterHandley_AnilSood\MTT_Validation\Rawdata\Run1\MTT09132019SelOlaP3.xlsx,Wed Mar  3 12:14:14 2021,MTT09132019SelOlaP3.xlsx,Layout-2_map.xlsx,MTT09132019SelOlaP3,Olaparib,Selinexor,0.25,COMBI,0,0,\\HRT-CTCRFile2\Stor3$\MDA_KatelynFosterHandley_AnilSood\MTT_Validation\PlateMaps\Layout-2_map.xlsx,Layout-2,9132019,1,3,,,1.56,0.550943396226415,-Inf,0.599343185550082
E,6,0.5,\\HRT-CTCRFile2\Stor3$\MDA_KatelynFosterHandley_AnilSood\MTT_Validation\Rawdata\Run1\MTT09132019SelOlaP3.xlsx,Wed Mar  3 12:14:14 2021,MTT09132019SelOlaP3.xlsx,Layout-2_map.xlsx,MTT09132019SelOlaP3,Olaparib,Selinexor,0.25,COMBI,0,0,\\HRT-CTCRFile2\Stor3$\MDA_KatelynFosterHandley_AnilSood\MTT_Validation\PlateMaps\Layout-2_map.xlsx,Layout-2,9132019,1,3,,,3.13,0.622641509433962,-Inf,0.677339901477833
E,7,0.54,\\HRT-CTCRFile2\Stor3$\MDA_KatelynFosterHandley_AnilSood\MTT_Validation\Rawdata\Run1\MTT09132019SelOlaP3.xlsx,Wed Mar  3 12:14:14 2021,MTT09132019SelOlaP3.xlsx,Layout-2_map.xlsx,MTT09132019SelOlaP3,Olaparib,Selinexor,0.25,COMBI,0,0,\\HRT-CTCRFile2\Stor3$\MDA_KatelynFosterHandley_AnilSood\MTT_Validation\PlateMaps\Layout-2_map.xlsx,Layout-2,9132019,1,3,,,6.25,0.592452830188679,-Inf,0.644499178981938
E,8,0.439,\\HRT-CTCRFile2\Stor3$\MDA_KatelynFosterHandley_AnilSood\MTT_Validation\Rawdata\Run1\MTT09132019SelOlaP3.xlsx,Wed Mar  3 12:14:14 2021,MTT09132019SelOlaP3.xlsx,Layout-2_map.xlsx,MTT09132019SelOlaP3,Olaparib,Selinexor,0.25,COMBI,0,0,\\HRT-CTCRFile2\Stor3$\MDA_KatelynFosterHandley_AnilSood\MTT_Validation\PlateMaps\Layout-2_map.xlsx,Layout-2,9132019,1,3,,,12.5,0.668679245283019,-Inf,0.727422003284072
E,9,0.142,\\HRT-CTCRFile2\Stor3$\MDA_KatelynFosterHandley_AnilSood\MTT_Validation\Rawdata\Run1\MTT09132019SelOlaP3.xlsx,Wed Mar  3 12:14:14 2021,MTT09132019SelOlaP3.xlsx,Layout-2_map.xlsx,MTT09132019SelOlaP3,0,0,0,0,0,0,\\HRT-CTCRFile2\Stor3$\MDA_KatelynFosterHandley_AnilSood\MTT_Validation\PlateMaps\Layout-2_map.xlsx,Layout-2,9132019,1,3,,,,0.892830188679245,-Inf,0.971264367816092
E,10,0.131,\\HRT-CTCRFile2\Stor3$\MDA_KatelynFosterHandley_AnilSood\MTT_Validation\Rawdata\Run1\MTT09132019SelOlaP3.xlsx,Wed Mar  3 12:14:14 2021,MTT09132019SelOlaP3.xlsx,Layout-2_map.xlsx,MTT09132019SelOlaP3,0,0,0,0,0,0,\\HRT-CTCRFile2\Stor3$\MDA_KatelynFosterHandley_AnilSood\MTT_Validation\PlateMaps\Layout-2_map.xlsx,Layout-2,9132019,1,3,,,,0.901132075471698,-Inf,0.980295566502463
E,11,0.139,\\HRT-CTCRFile2\Stor3$\MDA_KatelynFosterHandley_AnilSood\MTT_Validation\Rawdata\Run1\MTT09132019SelOlaP3.xlsx,Wed Mar  3 12:14:14 2021,MTT09132019SelOlaP3.xlsx,Layout-2_map.xlsx,MTT09132019SelOlaP3,0,0,0,0,0,0,\\HRT-CTCRFile2\Stor3$\MDA_KatelynFosterHandley_AnilSood\MTT_Validation\PlateMaps\Layout-2_map.xlsx,Layout-2,9132019,1,3,,,,0.895094339622642,-Inf,0.973727422003284
E,12,0.127,\\HRT-CTCRFile2\Stor3$\MDA_KatelynFosterHandley_AnilSood\MTT_Validation\Rawdata\Run1\MTT09132019SelOlaP3.xlsx,Wed Mar  3 12:14:14 2021,MTT09132019SelOlaP3.xlsx,Layout-2_map.xlsx,MTT09132019SelOlaP3,0,0,0,0,0,0,\\HRT-CTCRFile2\Stor3$\MDA_KatelynFosterHandley_AnilSood\MTT_Validation\PlateMaps\Layout-2_map.xlsx,Layout-2,9132019,1,3,,,,0.904150943396226,-Inf,0.983579638752053
F,1,0.105,\\HRT-CTCRFile2\Stor3$\MDA_KatelynFosterHandley_AnilSood\MTT_Validation\Rawdata\Run1\MTT09132019SelOlaP3.xlsx,Wed Mar  3 12:14:14 2021,MTT09132019SelOlaP3.xlsx,Layout-2_map.xlsx,MTT09132019SelOlaP3,Blank,Blank,0,POS,0,0,\\HRT-CTCRFile2\Stor3$\MDA_KatelynFosterHandley_AnilSood\MTT_Validation\PlateMaps\Layout-2_map.xlsx,Layout-2,9132019,1,3,,,,0.920754716981132,-Inf,1.00164203612479
F,2,0.482,\\HRT-CTCRFile2\Stor3$\MDA_KatelynFosterHandley_AnilSood\MTT_Validation\Rawdata\Run1\MTT09132019SelOlaP3.xlsx,Wed Mar  3 12:14:14 2021,MTT09132019SelOlaP3.xlsx,Layout-2_map.xlsx,MTT09132019SelOlaP3,DMSO,Selinexor,0.5,SING,0,0,\\HRT-CTCRFile2\Stor3$\MDA_KatelynFosterHandley_AnilSood\MTT_Validation\PlateMaps\Layout-2_map.xlsx,Layout-2,9132019,1,3,,,,0.63622641509434,-Inf,0.692118226600985
F,3,0.493,\\HRT-CTCRFile2\Stor3$\MDA_KatelynFosterHandley_AnilSood\MTT_Validation\Rawdata\Run1\MTT09132019SelOlaP3.xlsx,Wed Mar  3 12:14:14 2021,MTT09132019SelOlaP3.xlsx,Layout-2_map.xlsx,MTT09132019SelOlaP3,Olaparib,Selinexor,0.5,COMBI,0,0,\\HRT-CTCRFile2\Stor3$\MDA_KatelynFosterHandley_AnilSood\MTT_Validation\PlateMaps\Layout-2_map.xlsx,Layout-2,9132019,1,3,,,0.39,0.627924528301887,-Inf,0.683087027914614
F,4,0.534,\\HRT-CTCRFile2\Stor3$\MDA_KatelynFosterHandley_AnilSood\MTT_Validation\Rawdata\Run1\MTT09132019SelOlaP3.xlsx,Wed Mar  3 12:14:14 2021,MTT09132019SelOlaP3.xlsx,Layout-2_map.xlsx,MTT09132019SelOlaP3,Olaparib,Selinexor,0.5,COMBI,0,0,\\HRT-CTCRFile2\Stor3$\MDA_KatelynFosterHandley_AnilSood\MTT_Validation\PlateMaps\Layout-2_map.xlsx,Layout-2,9132019,1,3,,,0.78,0.596981132075472,-Inf,0.649425287356322
F,5,0.522,\\HRT-CTCRFile2\Stor3$\MDA_KatelynFosterHandley_AnilSood\MTT_Validation\Rawdata\Run1\MTT09132019SelOlaP3.xlsx,Wed Mar  3 12:14:14 2021,MTT09132019SelOlaP3.xlsx,Layout-2_map.xlsx,MTT09132019SelOlaP3,Olaparib,Selinexor,0.5,COMBI,0,0,\\HRT-CTCRFile2\Stor3$\MDA_KatelynFosterHandley_AnilSood\MTT_Validation\PlateMaps\Layout-2_map.xlsx,Layout-2,9132019,1,3,,,1.56,0.606037735849057,-Inf,0.65927750410509
F,6,0.541,\\HRT-CTCRFile2\Stor3$\MDA_KatelynFosterHandley_AnilSood\MTT_Validation\Rawdata\Run1\MTT09132019SelOlaP3.xlsx,Wed Mar  3 12:14:14 2021,MTT09132019SelOlaP3.xlsx,Layout-2_map.xlsx,MTT09132019SelOlaP3,Olaparib,Selinexor,0.5,COMBI,0,0,\\HRT-CTCRFile2\Stor3$\MDA_KatelynFosterHandley_AnilSood\MTT_Validation\PlateMaps\Layout-2_map.xlsx,Layout-2,9132019,1,3,,,3.13,0.591698113207547,-Inf,0.64367816091954
F,7,0.543,\\HRT-CTCRFile2\Stor3$\MDA_KatelynFosterHandley_AnilSood\MTT_Validation\Rawdata\Run1\MTT09132019SelOlaP3.xlsx,Wed Mar  3 12:14:14 2021,MTT09132019SelOlaP3.xlsx,Layout-2_map.xlsx,MTT09132019SelOlaP3,Olaparib,Selinexor,0.5,COMBI,0,0,\\HRT-CTCRFile2\Stor3$\MDA_KatelynFosterHandley_AnilSood\MTT_Validation\PlateMaps\Layout-2_map.xlsx,Layout-2,9132019,1,3,,,6.25,0.590188679245283,-Inf,0.642036124794745
F,8,0.476,\\HRT-CTCRFile2\Stor3$\MDA_KatelynFosterHandley_AnilSood\MTT_Validation\Rawdata\Run1\MTT09132019SelOlaP3.xlsx,Wed Mar  3 12:14:14 2021,MTT09132019SelOlaP3.xlsx,Layout-2_map.xlsx,MTT09132019SelOlaP3,Olaparib,Selinexor,0.5,COMBI,0,0,\\HRT-CTCRFile2\Stor3$\MDA_KatelynFosterHandley_AnilSood\MTT_Validation\PlateMaps\Layout-2_map.xlsx,Layout-2,9132019,1,3,,,12.5,0.640754716981132,-Inf,0.697044334975369
F,9,0.131,\\HRT-CTCRFile2\Stor3$\MDA_KatelynFosterHandley_AnilSood\MTT_Validation\Rawdata\Run1\MTT09132019SelOlaP3.xlsx,Wed Mar  3 12:14:14 2021,MTT09132019SelOlaP3.xlsx,Layout-2_map.xlsx,MTT09132019SelOlaP3,0,0,0,0,0,0,\\HRT-CTCRFile2\Stor3$\MDA_KatelynFosterHandley_AnilSood\MTT_Validation\PlateMaps\Layout-2_map.xlsx,Layout-2,9132019,1,3,,,,0.901132075471698,-Inf,0.980295566502463
F,10,0.128,\\HRT-CTCRFile2\Stor3$\MDA_KatelynFosterHandley_AnilSood\MTT_Validation\Rawdata\Run1\MTT09132019SelOlaP3.xlsx,Wed Mar  3 12:14:14 2021,MTT09132019SelOlaP3.xlsx,Layout-2_map.xlsx,MTT09132019SelOlaP3,0,0,0,0,0,0,\\HRT-CTCRFile2\Stor3$\MDA_KatelynFosterHandley_AnilSood\MTT_Validation\PlateMaps\Layout-2_map.xlsx,Layout-2,9132019,1,3,,,,0.903396226415094,-Inf,0.982758620689655
F,11,0.134,\\HRT-CTCRFile2\Stor3$\MDA_KatelynFosterHandley_AnilSood\MTT_Validation\Rawdata\Run1\MTT09132019SelOlaP3.xlsx,Wed Mar  3 12:14:14 2021,MTT09132019SelOlaP3.xlsx,Layout-2_map.xlsx,MTT09132019SelOlaP3,0,0,0,0,0,0,\\HRT-CTCRFile2\Stor3$\MDA_KatelynFosterHandley_AnilSood\MTT_Validation\PlateMaps\Layout-2_map.xlsx,Layout-2,9132019,1,3,,,,0.898867924528302,-Inf,0.977832512315271
F,12,0.117,\\HRT-CTCRFile2\Stor3$\MDA_KatelynFosterHandley_AnilSood\MTT_Validation\Rawdata\Run1\MTT09132019SelOlaP3.xlsx,Wed Mar  3 12:14:14 2021,MTT09132019SelOlaP3.xlsx,Layout-2_map.xlsx,MTT09132019SelOlaP3,0,0,0,0,0,0,\\HRT-CTCRFile2\Stor3$\MDA_KatelynFosterHandley_AnilSood\MTT_Validation\PlateMaps\Layout-2_map.xlsx,Layout-2,9132019,1,3,,,,0.911698113207547,-Inf,0.991789819376026
G,1,0.113,\\HRT-CTCRFile2\Stor3$\MDA_KatelynFosterHandley_AnilSood\MTT_Validation\Rawdata\Run1\MTT09132019SelOlaP3.xlsx,Wed Mar  3 12:14:14 2021,MTT09132019SelOlaP3.xlsx,Layout-2_map.xlsx,MTT09132019SelOlaP3,Blank,Blank,0,POS,0,0,\\HRT-CTCRFile2\Stor3$\MDA_KatelynFosterHandley_AnilSood\MTT_Validation\PlateMaps\Layout-2_map.xlsx,Layout-2,9132019,1,3,,,,0.914716981132075,-Inf,0.995073891625616
G,2,0.422,\\HRT-CTCRFile2\Stor3$\MDA_KatelynFosterHandley_AnilSood\MTT_Validation\Rawdata\Run1\MTT09132019SelOlaP3.xlsx,Wed Mar  3 12:14:14 2021,MTT09132019SelOlaP3.xlsx,Layout-2_map.xlsx,MTT09132019SelOlaP3,DMSO,Selinexor,1,SING,0,0,\\HRT-CTCRFile2\Stor3$\MDA_KatelynFosterHandley_AnilSood\MTT_Validation\PlateMaps\Layout-2_map.xlsx,Layout-2,9132019,1,3,,,,0.681509433962264,-Inf,0.741379310344828
G,3,0.373,\\HRT-CTCRFile2\Stor3$\MDA_KatelynFosterHandley_AnilSood\MTT_Validation\Rawdata\Run1\MTT09132019SelOlaP3.xlsx,Wed Mar  3 12:14:14 2021,MTT09132019SelOlaP3.xlsx,Layout-2_map.xlsx,MTT09132019SelOlaP3,Olaparib,Selinexor,1,COMBI,0,0,\\HRT-CTCRFile2\Stor3$\MDA_KatelynFosterHandley_AnilSood\MTT_Validation\PlateMaps\Layout-2_map.xlsx,Layout-2,9132019,1,3,,,0.39,0.718490566037736,-Inf,0.781609195402299
G,4,0.404,\\HRT-CTCRFile2\Stor3$\MDA_KatelynFosterHandley_AnilSood\MTT_Validation\Rawdata\Run1\MTT09132019SelOlaP3.xlsx,Wed Mar  3 12:14:14 2021,MTT09132019SelOlaP3.xlsx,Layout-2_map.xlsx,MTT09132019SelOlaP3,Olaparib,Selinexor,1,COMBI,0,0,\\HRT-CTCRFile2\Stor3$\MDA_KatelynFosterHandley_AnilSood\MTT_Validation\PlateMaps\Layout-2_map.xlsx,Layout-2,9132019,1,3,,,0.78,0.695094339622641,-Inf,0.75615763546798
G,5,0.395,\\HRT-CTCRFile2\Stor3$\MDA_KatelynFosterHandley_AnilSood\MTT_Validation\Rawdata\Run1\MTT09132019SelOlaP3.xlsx,Wed Mar  3 12:14:14 2021,MTT09132019SelOlaP3.xlsx,Layout-2_map.xlsx,MTT09132019SelOlaP3,Olaparib,Selinexor,1,COMBI,0,0,\\HRT-CTCRFile2\Stor3$\MDA_KatelynFosterHandley_AnilSood\MTT_Validation\PlateMaps\Layout-2_map.xlsx,Layout-2,9132019,1,3,,,1.56,0.70188679245283,-Inf,0.763546798029557
G,6,0.344,\\HRT-CTCRFile2\Stor3$\MDA_KatelynFosterHandley_AnilSood\MTT_Validation\Rawdata\Run1\MTT09132019SelOlaP3.xlsx,Wed Mar  3 12:14:14 2021,MTT09132019SelOlaP3.xlsx,Layout-2_map.xlsx,MTT09132019SelOlaP3,Olaparib,Selinexor,1,COMBI,0,0,\\HRT-CTCRFile2\Stor3$\MDA_KatelynFosterHandley_AnilSood\MTT_Validation\PlateMaps\Layout-2_map.xlsx,Layout-2,9132019,1,3,,,3.13,0.740377358490566,-Inf,0.805418719211823
G,7,0.38,\\HRT-CTCRFile2\Stor3$\MDA_KatelynFosterHandley_AnilSood\MTT_Validation\Rawdata\Run1\MTT09132019SelOlaP3.xlsx,Wed Mar  3 12:14:14 2021,MTT09132019SelOlaP3.xlsx,Layout-2_map.xlsx,MTT09132019SelOlaP3,Olaparib,Selinexor,1,COMBI,0,0,\\HRT-CTCRFile2\Stor3$\MDA_KatelynFosterHandley_AnilSood\MTT_Validation\PlateMaps\Layout-2_map.xlsx,Layout-2,9132019,1,3,,,6.25,0.713207547169811,-Inf,0.775862068965517
G,8,0.381,\\HRT-CTCRFile2\Stor3$\MDA_KatelynFosterHandley_AnilSood\MTT_Validation\Rawdata\Run1\MTT09132019SelOlaP3.xlsx,Wed Mar  3 12:14:14 2021,MTT09132019SelOlaP3.xlsx,Layout-2_map.xlsx,MTT09132019SelOlaP3,Olaparib,Selinexor,1,COMBI,0,0,\\HRT-CTCRFile2\Stor3$\MDA_KatelynFosterHandley_AnilSood\MTT_Validation\PlateMaps\Layout-2_map.xlsx,Layout-2,9132019,1,3,,,12.5,0.712452830188679,-Inf,0.77504105090312
G,9,0.131,\\HRT-CTCRFile2\Stor3$\MDA_KatelynFosterHandley_AnilSood\MTT_Validation\Rawdata\Run1\MTT09132019SelOlaP3.xlsx,Wed Mar  3 12:14:14 2021,MTT09132019SelOlaP3.xlsx,Layout-2_map.xlsx,MTT09132019SelOlaP3,0,0,0,0,0,0,\\HRT-CTCRFile2\Stor3$\MDA_KatelynFosterHandley_AnilSood\MTT_Validation\PlateMaps\Layout-2_map.xlsx,Layout-2,9132019,1,3,,,,0.901132075471698,-Inf,0.980295566502463
G,10,0.131,\\HRT-CTCRFile2\Stor3$\MDA_KatelynFosterHandley_AnilSood\MTT_Validation\Rawdata\Run1\MTT09132019SelOlaP3.xlsx,Wed Mar  3 12:14:14 2021,MTT09132019SelOlaP3.xlsx,Layout-2_map.xlsx,MTT09132019SelOlaP3,0,0,0,0,0,0,\\HRT-CTCRFile2\Stor3$\MDA_KatelynFosterHandley_AnilSood\MTT_Validation\PlateMaps\Layout-2_map.xlsx,Layout-2,9132019,1,3,,,,0.901132075471698,-Inf,0.980295566502463
G,11,0.12,\\HRT-CTCRFile2\Stor3$\MDA_KatelynFosterHandley_AnilSood\MTT_Validation\Rawdata\Run1\MTT09132019SelOlaP3.xlsx,Wed Mar  3 12:14:14 2021,MTT09132019SelOlaP3.xlsx,Layout-2_map.xlsx,MTT09132019SelOlaP3,0,0,0,0,0,0,\\HRT-CTCRFile2\Stor3$\MDA_KatelynFosterHandley_AnilSood\MTT_Validation\PlateMaps\Layout-2_map.xlsx,Layout-2,9132019,1,3,,,,0.909433962264151,-Inf,0.989326765188834
G,12,0.124,\\HRT-CTCRFile2\Stor3$\MDA_KatelynFosterHandley_AnilSood\MTT_Validation\Rawdata\Run1\MTT09132019SelOlaP3.xlsx,Wed Mar  3 12:14:14 2021,MTT09132019SelOlaP3.xlsx,Layout-2_map.xlsx,MTT09132019SelOlaP3,0,0,0,0,0,0,\\HRT-CTCRFile2\Stor3$\MDA_KatelynFosterHandley_AnilSood\MTT_Validation\PlateMaps\Layout-2_map.xlsx,Layout-2,9132019,1,3,,,,0.906415094339623,-Inf,0.986042692939245
H,1,0.141,\\HRT-CTCRFile2\Stor3$\MDA_KatelynFosterHandley_AnilSood\MTT_Validation\Rawdata\Run1\MTT09132019SelOlaP3.xlsx,Wed Mar  3 12:14:14 2021,MTT09132019SelOlaP3.xlsx,Layout-2_map.xlsx,MTT09132019SelOlaP3,0,0,0,0,0,0,\\HRT-CTCRFile2\Stor3$\MDA_KatelynFosterHandley_AnilSood\MTT_Validation\PlateMaps\Layout-2_map.xlsx,Layout-2,9132019,1,3,,,,0.893584905660377,-Inf,0.972085385878489
H,2,0.127,\\HRT-CTCRFile2\Stor3$\MDA_KatelynFosterHandley_AnilSood\MTT_Validation\Rawdata\Run1\MTT09132019SelOlaP3.xlsx,Wed Mar  3 12:14:14 2021,MTT09132019SelOlaP3.xlsx,Layout-2_map.xlsx,MTT09132019SelOlaP3,0,0,0,0,0,0,\\HRT-CTCRFile2\Stor3$\MDA_KatelynFosterHandley_AnilSood\MTT_Validation\PlateMaps\Layout-2_map.xlsx,Layout-2,9132019,1,3,,,,0.904150943396226,-Inf,0.983579638752053
H,3,0.122,\\HRT-CTCRFile2\Stor3$\MDA_KatelynFosterHandley_AnilSood\MTT_Validation\Rawdata\Run1\MTT09132019SelOlaP3.xlsx,Wed Mar  3 12:14:14 2021,MTT09132019SelOlaP3.xlsx,Layout-2_map.xlsx,MTT09132019SelOlaP3,0,0,0,0,0,0,\\HRT-CTCRFile2\Stor3$\MDA_KatelynFosterHandley_AnilSood\MTT_Validation\PlateMaps\Layout-2_map.xlsx,Layout-2,9132019,1,3,,,,0.907924528301887,-Inf,0.987684729064039
H,4,0.129,\\HRT-CTCRFile2\Stor3$\MDA_KatelynFosterHandley_AnilSood\MTT_Validation\Rawdata\Run1\MTT09132019SelOlaP3.xlsx,Wed Mar  3 12:14:14 2021,MTT09132019SelOlaP3.xlsx,Layout-2_map.xlsx,MTT09132019SelOlaP3,0,0,0,0,0,0,\\HRT-CTCRFile2\Stor3$\MDA_KatelynFosterHandley_AnilSood\MTT_Validation\PlateMaps\Layout-2_map.xlsx,Layout-2,9132019,1,3,,,,0.902641509433962,-Inf,0.981937602627258
H,5,0.132,\\HRT-CTCRFile2\Stor3$\MDA_KatelynFosterHandley_AnilSood\MTT_Validation\Rawdata\Run1\MTT09132019SelOlaP3.xlsx,Wed Mar  3 12:14:14 2021,MTT09132019SelOlaP3.xlsx,Layout-2_map.xlsx,MTT09132019SelOlaP3,0,0,0,0,0,0,\\HRT-CTCRFile2\Stor3$\MDA_KatelynFosterHandley_AnilSood\MTT_Validation\PlateMaps\Layout-2_map.xlsx,Layout-2,9132019,1,3,,,,0.900377358490566,-Inf,0.979474548440066
H,6,0.124,\\HRT-CTCRFile2\Stor3$\MDA_KatelynFosterHandley_AnilSood\MTT_Validation\Rawdata\Run1\MTT09132019SelOlaP3.xlsx,Wed Mar  3 12:14:14 2021,MTT09132019SelOlaP3.xlsx,Layout-2_map.xlsx,MTT09132019SelOlaP3,0,0,0,0,0,0,\\HRT-CTCRFile2\Stor3$\MDA_KatelynFosterHandley_AnilSood\MTT_Validation\PlateMaps\Layout-2_map.xlsx,Layout-2,9132019,1,3,,,,0.906415094339623,-Inf,0.986042692939245
H,7,0.128,\\HRT-CTCRFile2\Stor3$\MDA_KatelynFosterHandley_AnilSood\MTT_Validation\Rawdata\Run1\MTT09132019SelOlaP3.xlsx,Wed Mar  3 12:14:14 2021,MTT09132019SelOlaP3.xlsx,Layout-2_map.xlsx,MTT09132019SelOlaP3,0,0,0,0,0,0,\\HRT-CTCRFile2\Stor3$\MDA_KatelynFosterHandley_AnilSood\MTT_Validation\PlateMaps\Layout-2_map.xlsx,Layout-2,9132019,1,3,,,,0.903396226415094,-Inf,0.982758620689655
H,8,0.119,\\HRT-CTCRFile2\Stor3$\MDA_KatelynFosterHandley_AnilSood\MTT_Validation\Rawdata\Run1\MTT09132019SelOlaP3.xlsx,Wed Mar  3 12:14:14 2021,MTT09132019SelOlaP3.xlsx,Layout-2_map.xlsx,MTT09132019SelOlaP3,0,0,0,0,0,0,\\HRT-CTCRFile2\Stor3$\MDA_KatelynFosterHandley_AnilSood\MTT_Validation\PlateMaps\Layout-2_map.xlsx,Layout-2,9132019,1,3,,,,0.910188679245283,-Inf,0.990147783251232
H,9,0.127,\\HRT-CTCRFile2\Stor3$\MDA_KatelynFosterHandley_AnilSood\MTT_Validation\Rawdata\Run1\MTT09132019SelOlaP3.xlsx,Wed Mar  3 12:14:14 2021,MTT09132019SelOlaP3.xlsx,Layout-2_map.xlsx,MTT09132019SelOlaP3,0,0,0,0,0,0,\\HRT-CTCRFile2\Stor3$\MDA_KatelynFosterHandley_AnilSood\MTT_Validation\PlateMaps\Layout-2_map.xlsx,Layout-2,9132019,1,3,,,,0.904150943396226,-Inf,0.983579638752053
H,10,0.126,\\HRT-CTCRFile2\Stor3$\MDA_KatelynFosterHandley_AnilSood\MTT_Validation\Rawdata\Run1\MTT09132019SelOlaP3.xlsx,Wed Mar  3 12:14:14 2021,MTT09132019SelOlaP3.xlsx,Layout-2_map.xlsx,MTT09132019SelOlaP3,0,0,0,0,0,0,\\HRT-CTCRFile2\Stor3$\MDA_KatelynFosterHandley_AnilSood\MTT_Validation\PlateMaps\Layout-2_map.xlsx,Layout-2,9132019,1,3,,,,0.904905660377359,-Inf,0.98440065681445
H,11,0.119,\\HRT-CTCRFile2\Stor3$\MDA_KatelynFosterHandley_AnilSood\MTT_Validation\Rawdata\Run1\MTT09132019SelOlaP3.xlsx,Wed Mar  3 12:14:14 2021,MTT09132019SelOlaP3.xlsx,Layout-2_map.xlsx,MTT09132019SelOlaP3,0,0,0,0,0,0,\\HRT-CTCRFile2\Stor3$\MDA_KatelynFosterHandley_AnilSood\MTT_Validation\PlateMaps\Layout-2_map.xlsx,Layout-2,9132019,1,3,,,,0.910188679245283,-Inf,0.990147783251232
H,12,0.119,\\HRT-CTCRFile2\Stor3$\MDA_KatelynFosterHandley_AnilSood\MTT_Validation\Rawdata\Run1\MTT09132019SelOlaP3.xlsx,Wed Mar  3 12:14:14 2021,MTT09132019SelOlaP3.xlsx,Layout-2_map.xlsx,MTT09132019SelOlaP3,0,0,0,0,0,0,\\HRT-CTCRFile2\Stor3$\MDA_KatelynFosterHandley_AnilSood\MTT_Validation\PlateMaps\Layout-2_map.xlsx,Layout-2,9132019,1,3,,,,0.910188679245283,-Inf,0.990147783251232
